BEAM_PLANES: ["ALPIDE_0", "ALPIDE_1"]

TRACKER_PLANES : ["ALPIDE_2", "ALPIDE_3", "ALPIDE_4","ALPIDE_5", "ALPIDE_6","ALPIDE_7"]
 
TARGET : "Pb"
Z_TARGET : 100
THICKNESS : 50
INTERACTION_PROB : 0.15

SIGMA_X_Pb : 0.046186794967803035 
SIGMA_Y_Pb : 0.045416367674781466 
MEAN_X_Pb : -0.0017605781511593906 
MEAN_Y_Pb : -0.0016408136459550278 

SIGMA_X_VTX : 0.01825110086024439 
SIGMA_Y_VTX : 0.017841188409032947 
MEAN_X_VTX : -0.00022871490611270823 
MEAN_Y_VTX : 0.00014795110321151137 
