BEAM_PLANES: ["ALPIDE_0", "ALPIDE_1"]

TRACKER_PLANES : ["ALPIDE_2", "ALPIDE_3", "ALPIDE_4","ALPIDE_5", "ALPIDE_6","ALPIDE_7"]
 
TARGET : "Ag"
Z_TARGET : 100
THICKNESS : 100
INTERACTION_PROB : 0.15

SIGMA_X_Pb : 0.3535557372293262 
SIGMA_Y_Pb : 0.10072999335739864 
MEAN_X_Pb : -1.2581582493870203e-05 
MEAN_Y_Pb : 0.011582763905096194 

SIGMA_X_VTX : 0.0028717177218401924 
SIGMA_Y_VTX : 0.0002421664190478914 
MEAN_X_VTX : -7.913037118028953e-05 
MEAN_Y_VTX : 0.0002447958240289782 
